%YAML:1.0
---
mat: !!opencv-matrix
   rows: 3
   cols: 3
   dt: d
   data: [ 6.2193113736105865e-01, 5.0283840703470774e-03,
       3.4930508101289411e+02, -2.6395756721885105e-03,
       5.8501154331708027e-01, 7.3139899095861870e+02,
       1.4297528892244872e-05, -1.3662060971391046e-05, 1. ]
